#F TiO2_heating_pilatus_only
#E 1751510130
#D Wed Jul 02 19:35:30 2025
#C twoc  User = b_stone

#O0 tth  th  M0Vtran  M0Pitch  M0Yaw  Motor 3  M0Bend  diagnostic
#O1 M0Horzslt  M0Vertslt  Crystal  Analyzer  s12  s13  Table_vert  Thor
#O2 I0vert  I0horz  Gonio_X  Gonio_Y  Gonio_Chi  Gonio_Theta  V0gap  V0tran
#O3 H0gap  H0tran  Top1Vert  Bttm1Vert  Left1Hor  Right1Hor  Top2Vert  Bttm2Vert
#O4 Left2Hor  Right2Hor  Z-stage  <D Vertical  bsx  bsy  fpy  fpx
#O5 s46  s47  vortex_x  vortex_y  vortex_z  sample  s54  s55
#O6 s56  s57  h1gap  h1tran  v1gap  v1tran  h2gap  h2tran
#O7 v2gap  v2tran  v3gap  v3tran  h3gap  h3tran  calcQ  Monochrom
#O8 tempset  cryomot  cth  ctth  kmotV  kmotI  
#o0 tth th m0vtran m0pitch m0yaw m3 m0bend diag
#o1 m0hsl m0vsl crystal anz s12 s13 table thor
#o2 i0vert i0horz gonx gony gonchi gonthe v0gap v0tran
#o3 h0gap h0tran t1v b1v l1h r1h t2v b2v
#o4 l2h r2h zstage ald bsx bsy fpy fpx
#o5 s46 s47 vort_x vort_y vort_z sample s54 s55
#o6 s56 s57 h1gap h1tran v1gap v1tran h2gap h2tran
#o7 v2gap v2tran v3gap v3tran h3gap h3tran _Q mono
#o8 tempset cryomot cth ctth kmotV kmotI 
#J0 Seconds  Monitor  Detector  I0  I2  Foils  Normalized  A34410
#J1 kpow  ch5  mpf_top  mpf_bot  ICRxT  OCRxT  ROI1  ROI2
#J2 ROI3  ROI4  ROI5  ROI6  ROI7  TEMP  TTIMER  CTEMP
#J3 Timer  gkcnt1  gkcnt2  keith_I  keith_V  pd1  pd2  pd3
#J4 pd4  pd5  pd6  pd7  pd8  pd9  pd10  pd11
#J5 pd12  pd13  pd14  pd15  pd16  pd17  pd18  agdaq1
#J6 agdaq2  agdaq3  agdaq4  CTEMPB  
#j0 sec mon det i0 i2 fstat normlz A34410
#j1 kpow ch5 ch6 ch7 ICR OCR ROI1 ROI2
#j2 ROI3 ROI4 ROI5 ROI6 ROI7 TEMP tempsec CTEMP
#j3 timesec gkcnt1 gkcnt2 keith_I keith_V pd1 pd2 pd3
#j4 pd4 pd5 pd6 pd7 pd8 pd9 pd10 pd11
#j5 pd12 pd13 pd14 pd15 pd16 PD_MIN PD_MAX agdaq1
#j6 agdaq2 agdaq3 agdaq4 CTEMPB 


#S 1  loopscan 200 5 30
#D Wed Jul 02 19:37:39 2025
#T 5  (Seconds)
#G0 0
#G1 1.54 1.54 90 4.079990459 4.079990459 90 1 0 60 30 0
#G3 4.079990459 2.498273628e-16 0 4.079990459
#G4 1.211140593 -0.3818711223 0 0.7293188265
#Q 1.21114 -0.381871
#P0 34.999997 0 -2.4472002 0.10218739 0.24236832 0 5.9212593 -2.2450794
#P1 1.25812 -11.594997 6.6784105 6.6784 -0.955 3.4003048 1.3234373 0
#P2 -0.39899585 3.2212344 -8.9978054 2.125701 -0.037653452 -1.2667231e-10 0.74980798 -2.1945599e-10
#P3 1.999996 0.062991999 -1 2 2 2 1 0
#P4 2.5 2.5 24.325 0 -2.1848063e-08 -4.0005002 10.200132 0.0030480228
#P5 15.345 0 3.999238 15.560049 -17.604559 213.31 0 0
#P6 0 0 4 0 1 -1.5 5 0
#P7 1 0.5 3.5 -1 1.5 -0.75 5.181246 17000.006
#P8 0 819.95 1 1 440 0 
#N 42
#L Time  Epoch  Seconds  I0  I2  Foils  Normalized  A34410  kpow  ch5  mpf_top  mpf_bot  TEMP  TTIMER  CTEMP  Timer  gkcnt1  gkcnt2  pd1  pd2  pd3  pd4  pd5  pd6  pd7  pd8  pd9  pd10  pd11  pd12  pd13  pd14  pd15  pd16  pd17  pd18  agdaq1  agdaq2  agdaq3  agdaq4  Monitor  Detector
0.00323701 134 5 689875 2383     0000 0.00025188683 0 0 163 904391 902076 0 0 511.47961 181821.51 0 0 310 27099 79941 18250 11429 -2 -2 -2 -2 -2 -2 -2 -2 -2 -2 -2 0 0 0 0 0 0 647116 163
35.729 170 5 688655 2404     0000 0.00028025778 0 0 181 902455 900546 0 0 516.51782 181857.23 0 0 345 27619 80043 18107 11564 -2 -2 -2 -2 -2 -2 -2 -2 -2 -2 -2 0 0 0 0 0 0 645834 181
71.4368 206 5 687407 2406     0000 0.0002496755 0 0 160 901575 898221 0 0 521.28119 181892.94 0 0 311 27036 79503 18095 11348 -2 -2 -2 -2 -2 -2 -2 -2 -2 -2 -2 0 0 0 0 0 0 644837 161
107.144 242 5 686421 2406     0000 0.00027645332 0 0 178 900727 897079 0 0 526.56451 181928.69 0 0 326 27265 79451 18087 11453 -2 -2 -2 -2 -2 -2 -2 -2 -2 -2 -2 0 0 0 0 0 0 643870 178
142.903 277 5 689330 2387     0000 0.00027069125 0 0 175 903470 901635 0 0 533.01233 181964.4 0 0 309 27241 79462 18233 11315 -2 -2 -2 -2 -2 -2 -2 -2 -2 -2 -2 0 0 0 0 0 0 646493 175
178.613 313 5 693266 2402     0000 0.00027062517 0 0 175 910166 906373 0 0 538.96759 182000.14 0 0 311 27390 80357 18016 11497 -2 -2 -2 -2 -2 -2 -2 -2 -2 -2 -2 0 0 0 0 0 0 650346 176
214.346 349 5 692245 2379     0000 0.00028019829 0 0 181 908675 905639 0 0 544.1214 182035.84 0 0 319 27492 80065 18367 11443 -2 -2 -2 -2 -2 -2 -2 -2 -2 -2 -2 0 0 0 0 0 0 649540 182
250.057 384 5 691448 2378     0000 0.000255911 0 0 166 907136 904527 0 0 549.02368 182071.56 0 0 281 27371 79956 18444 11483 -2 -2 -2 -2 -2 -2 -2 -2 -2 -2 -2 0 0 0 0 0 0 648663 166
285.77 420 5 690647 2367     0000 0.00027474181 0 0 178 906822 903300 0 0 554.1543 182107.26 0 0 313 27444 80106 18493 11557 -2 -2 -2 -2 -2 -2 -2 -2 -2 -2 -2 0 0 0 0 0 0 647881 178
321.476 456 5 689239 2384     0000 0.00027215176 0 0 176 905260 901280 0 0 559.8916 182142.97 0 0 316 27224 79802 18320 11360 -2 -2 -2 -2 -2 -2 -2 -2 -2 -2 -2 0 0 0 0 0 0 646698 176
357.178 492 5 688327 2380     0000 0.00025091615 0 0 162 903245 900836 0 0 565.80219 182178.7 0 0 336 27385 79897 18414 11672 -2 -2 -2 -2 -2 -2 -2 -2 -2 -2 -2 0 0 0 0 0 0 645634 162
392.912 527 5 687261 2379     0000 0.0002636595 0 0 170 901925 899414 0 0 571.52173 182214.41 0 0 335 27270 79907 18405 11321 -2 -2 -2 -2 -2 -2 -2 -2 -2 -2 -2 0 0 0 0 0 0 644771 170
428.621 563 5 686109 2392     0000 0.0002547652 0 0 164 900529 897803 0 0 577.48108 182250.11 0 0 290 27560 79982 18424 11499 -2 -2 -2 -2 -2 -2 -2 -2 -2 -2 -2 0 0 0 0 0 0 643730 164
464.325 599 5 693726 2394     0000 0.00029041448 0 0 189 910729 907923 0 0 582.81073 182285.81 0 0 312 27668 80990 18742 11615 -2 -2 -2 -2 -2 -2 -2 -2 -2 -2 -2 0 0 0 0 0 0 650794 189
500.023 640 5 693105 2387     0000 0.00025686775 0 0 166 909824 906866 0 0 588.28162 182327.55 0 0 330 27648 80438 18602 11558 -2 -2 -2 -2 -2 -2 -2 -2 -2 -2 -2 0 0 0 0 0 0 650140 167
541.76 676 5 691703 2369     0000 0.00028971348 0 0 188 909050 904739 0 0 593.93658 182363.26 0 0 306 27479 80565 18793 11380 -2 -2 -2 -2 -2 -2 -2 -2 -2 -2 -2 0 0 0 0 0 0 648917 188
577.471 712 5 690627 2398     0000 0.00029331263 0 0 190 906686 903465 0 0 599.36938 182398.96 0 0 322 27510 80213 18673 11361 -2 -2 -2 -2 -2 -2 -2 -2 -2 -2 -2 0 0 0 0 0 0 647773 190
613.171 747 5 689594 2383     0000 0.00027516823 0 0 177 905562 902638 0 0 604.9613 182434.66 0 0 324 27705 80517 18740 11348 -2 -2 -2 -2 -2 -2 -2 -2 -2 -2 -2 0 0 0 0 0 0 646877 178
648.877 783 5 688899 2401     0000 0.00024297425 0 0 157 905007 900996 0 0 610.87329 182470.37 0 0 329 27849 80501 18790 11679 -2 -2 -2 -2 -2 -2 -2 -2 -2 -2 -2 0 0 0 0 0 0 646159 157
684.584 819 5 687837 2379     0000 0.00025573347 0 0 165 903379 900096 0 0 616.73468 182506.08 0 0 331 27659 80507 18900 11553 -2 -2 -2 -2 -2 -2 -2 -2 -2 -2 -2 0 0 0 0 0 0 645203 165
720.291 855 5 686687 2380     0000 0.0002623584 0 0 169 901926 898592 0 0 623.03223 182541.9 0 0 318 27851 80151 18677 11425 -2 -2 -2 -2 -2 -2 -2 -2 -2 -2 -2 0 0 0 0 0 0 644157 169
756.111 896 5 694643 2386     0000 0.00027625157 0 0 179 912893 908728 0 0 628.37122 182583.58 0 0 354 28144 81149 18988 11704 -2 -2 -2 -2 -2 -2 -2 -2 -2 -2 -2 0 0 0 0 0 0 651580 180
797.796 932 5 693120 2385     0000 0.00030765066 0 0 199 910325 907462 0 0 634.32953 182619.3 0 0 335 28630 81787 19257 11797 -2 -2 -2 -2 -2 -2 -2 -2 -2 -2 -2 0 0 0 0 0 0 650088 200
833.512 968 5 692419 2376     0000 0.00028028805 0 0 182 909871 905410 0 0 640.79529 182655.01 0 0 366 28367 81557 19156 11756 -2 -2 -2 -2 -2 -2 -2 -2 -2 -2 -2 0 0 0 0 0 0 649332 182
869.217 1004 5 691391 2353     0000 0.00029460578 0 0 191 907497 904869 0 0 646.38263 182690.7 0 0 313 28213 81343 19114 11705 -2 -2 -2 -2 -2 -2 -2 -2 -2 -2 -2 0 0 0 0 0 0 648324 191
904.914 1039 5 690159 2394     0000 0.00027801074 0 0 180 906337 903456 0 0 650.89789 182726.41 0 0 320 28497 81195 19306 11640 -2 -2 -2 -2 -2 -2 -2 -2 -2 -2 -2 0 0 0 0 0 0 647457 180
940.622 1075 5 689024 2391     0000 0.00022279296 0 0 143 904760 901926 0 0 656.79468 182762.11 0 0 330 28539 81498 19460 11746 -2 -2 -2 -2 -2 -2 -2 -2 -2 -2 -2 0 0 0 0 0 0 646340 144
976.324 1111 5 688486 2384     0000 0.00026790886 0 0 173 903485 901325 0 0 662.87988 182797.81 0 0 343 28486 81018 19309 11570 -2 -2 -2 -2 -2 -2 -2 -2 -2 -2 -2 0 0 0 0 0 0 645742 173
1012.02 1149 5 687166 2374     0000 0.00026375727 0 0 170 902511 899287 0 0 668.56299 182836.4 0 0 330 28799 81568 19265 11678 -2 -2 -2 -2 -2 -2 -2 -2 -2 -2 -2 0 0 0 0 0 0 644532 170
1050.62 1185 5 693894 2369     0000 0.00026275838 0 0 171 911414 907909 0 0 673.3446 182872.14 0 0 333 28548 81606 19307 11656 -2 -2 -2 -2 -2 -2 -2 -2 -2 -2 -2 0 0 0 0 0 0 650788 171
1086.35 1221 5 693806 2391     0000 0.00025660252 0 0 167 911216 908359 0 0 680.2356 182907.93 0 0 316 28335 81291 19082 11503 -2 -2 -2 -2 -2 -2 -2 -2 -2 -2 -2 0 0 0 0 0 0 650812 167
1122.14 1256 5 692662 2394     0000 0.00023086548 0 0 150 909696 906558 0 0 685.1684 182943.63 0 0 313 29050 82285 19456 11814 -2 -2 -2 -2 -2 -2 -2 -2 -2 -2 -2 0 0 0 0 0 0 649729 150
1157.84 1292 5 692147 2390     0000 0.00025416092 0 0 165 908102 906627 0 0 691.77441 182979.33 0 0 322 28655 81554 19218 11742 -2 -2 -2 -2 -2 -2 -2 -2 -2 -2 -2 0 0 0 0 0 0 649195 165
1193.54 1328 5 690750 2379     0000 0.00027777092 0 0 180 907416 903942 0 0 697.44678 183015.03 0 0 299 29018 81795 19246 11832 -2 -2 -2 -2 -2 -2 -2 -2 -2 -2 -2 0 0 0 0 0 0 648016 180
1229.24 1364 5 689872 2377     0000 0.0002503272 0 0 161 905778 903032 0 0 703.43323 183050.74 0 0 315 29090 81433 19473 11737 -2 -2 -2 -2 -2 -2 -2 -2 -2 -2 -2 0 0 0 0 0 0 647153 162
1264.95 1405 5 688540 2362     0000 0.00027100187 0 0 175 905268 900272 0 0 710.38812 183092.45 0 0 311 28757 80915 18901 11619 -2 -2 -2 -2 -2 -2 -2 -2 -2 -2 -2 0 0 0 0 0 0 645752 175
1306.66 1441 5 687598 2384     0000 0.00024501594 0 0 158 903005 899801 0 0 716.30212 183128.15 0 0 332 28986 82038 19319 11706 -2 -2 -2 -2 -2 -2 -2 -2 -2 -2 -2 0 0 0 0 0 0 644856 158
1342.36 1477 5 690074 2385     0000 0.00025963348 0 0 168 905246 903492 0 0 722.32489 183163.86 0 0 303 29011 81358 19090 11612 -2 -2 -2 -2 -2 -2 -2 -2 -2 -2 -2 0 0 0 0 0 0 647066 168
1378.07 1512 5 694369 2399     0000 0.00029327179 0 0 191 911885 908946 0 0 728.26678 183199.57 0 0 292 29219 81598 19043 11471 -2 -2 -2 -2 -2 -2 -2 -2 -2 -2 -2 0 0 0 0 0 0 651273 191
1413.78 1549 5 693321 2399     0000 0.00024607624 0 0 160 910332 907629 0 0 734.39148 183236.65 0 0 293 29475 81731 18674 11621 -2 -2 -2 -2 -2 -2 -2 -2 -2 -2 -2 0 0 0 0 0 0 650205 160
1451.3 1586 5 692220 2396     0000 0.00027725023 0 0 179 909886 905185 0 0 740.45502 183272.83 0 0 292 28998 81632 18643 11820 -2 -2 -2 -2 -2 -2 -2 -2 -2 -2 -2 0 0 0 0 0 0 649233 180
1513.49 1648 5 690490 2381     0000 0.00028259275 0 0 183 906869 903486 0 0 750.77979 183334.99 0 0 274 29377 80906 18274 11483 -2 -2 -2 -2 -2 -2 -2 -2 -2 -2 -2 0 0 0 0 0 0 647575 183
1549.2 1684 5 689403 2382     0000 0.00029070307 0 0 188 905609 902069 0 0 756.79272 183370.71 0 0 242 29105 80668 18023 11454 -2 -2 -2 -2 -2 -2 -2 -2 -2 -2 -2 0 0 0 0 0 0 646708 188
1584.92 1719 5 688515 2385     0000 0.00025394623 0 0 164 904524 900502 0 0 762.72552 183406.43 0 0 235 28782 79690 17618 11481 -2 -2 -2 -2 -2 -2 -2 -2 -2 -2 -2 0 0 0 0 0 0 645806 164
1620.64 1755 5 687455 2413     0000 0.00026059117 0 0 167 903621 898932 0 0 768.68817 183442.14 0 0 228 28756 79996 17355 11501 -2 -2 -2 -2 -2 -2 -2 -2 -2 -2 -2 0 0 0 0 0 0 644688 168
1656.36 1791 5 695372 2411     0000 0.00027292032 0 0 178 913528 910077 0 0 774.63019 183477.87 0 0 220 28925 80339 17078 11297 -2 -2 -2 -2 -2 -2 -2 -2 -2 -2 -2 0 0 0 0 0 0 652205 178
1692.09 1826 5 694401 2418     0000 0.00025025486 0 0 163 912074 909162 0 0 780.56378 183513.58 0 0 217 28559 79111 16387 11367 -2 -2 -2 -2 -2 -2 -2 -2 -2 -2 -2 0 0 0 0 0 0 651336 163
1727.8 1862 5 693546 2388     0000 0.00023830902 0 0 155 911579 906828 0 0 786.44873 183549.29 0 0 193 28325 78335 15936 11220 -2 -2 -2 -2 -2 -2 -2 -2 -2 -2 -2 0 0 0 0 0 0 650416 155
1763.5 1898 5 692196 2382     0000 0.00026033884 0 0 169 908914 906054 0 0 792.39862 183584.99 0 0 207 27758 76829 15478 11194 -2 -2 -2 -2 -2 -2 -2 -2 -2 -2 -2 0 0 0 0 0 0 649154 169
1799.2 1934 5 691219 2379     0000 0.00027000506 0 0 174 907959 904224 0 0 798.35791 183620.7 0 0 192 26212 73290 14275 10433 -2 -2 -2 -2 -2 -2 -2 -2 -2 -2 -2 0 0 0 0 0 0 648136 175
1834.91 1969 5 689982 2390     0000 0.00025644393 0 0 167 906886 902882 0 0 804.30292 183656.42 0 0 167 23781 67266 12494 9629 -2 -2 -2 -2 -2 -2 -2 -2 -2 -2 -2 0 0 0 0 0 0 647315 166
1870.63 2005 5 689315 2394     0000 0.00023045074 0 0 149 904721 902703 0 0 810.26093 183692.12 0 0 125 20849 59486 10668 8495 -2 -2 -2 -2 -2 -2 -2 -2 -2 -2 -2 0 0 0 0 0 0 646559 149
1906.34 2041 5 688042 2399     0000 0.00028052621 0 0 180 903465 900087 0 0 816.16248 183727.83 0 0 111 17221 50901 8743 7378 -2 -2 -2 -2 -2 -2 -2 -2 -2 -2 -2 0 0 0 0 0 0 645216 181
1942.05 2076 5 690577 2411     0000 0.00027027277 0 0 175 906081 904247 0 0 819.6698 183763.59 0 0 101 14337 44259 7053 6332 -2 -2 -2 -2 -2 -2 -2 -2 -2 -2 -2 0 0 0 0 0 0 647494 175
1977.8 2112 5 695551 2378     0000 0.00027905037 0 0 182 913163 910263 0 0 819.95148 183799.3 0 0 78 12559 39460 6127 5759 -2 -2 -2 -2 -2 -2 -2 -2 -2 -2 -2 0 0 0 0 0 0 652212 182
2013.51 2148 5 694440 2397     0000 0.0002395846 0 0 156 911456 909431 0 0 820.01202 183835.01 0 0 94 11238 36757 5708 5343 -2 -2 -2 -2 -2 -2 -2 -2 -2 -2 -2 0 0 0 0 0 0 651127 156
2049.22 2184 5 693036 2427     0000 0.00025536065 0 0 165 910255 907098 0 0 820.00391 183870.71 0 0 65 10407 34669 5169 4950 -2 -2 -2 -2 -2 -2 -2 -2 -2 -2 -2 0 0 0 0 0 0 650061 166
2084.92 2219 5 692203 2412     0000 0.00028806458 0 0 187 909578 905642 0 0 820.00928 183906.41 0 0 78 9992 33046 4979 4809 -2 -2 -2 -2 -2 -2 -2 -2 -2 -2 -2 0 0 0 0 0 0 649160 187
2120.62 2261 5 691320 2406     0000 0.00025915328 0 0 167 907800 904646 0 0 820.01178 183947.95 0 0 65 9451 32186 4730 4728 -2 -2 -2 -2 -2 -2 -2 -2 -2 -2 -2 0 0 0 0 0 0 648265 168
2162.16 2296 5 689839 2419     0000 0.00028443697 0 0 184 906602 901519 0 0 820.00513 183983.65 0 0 80 9080 31083 4488 4577 -2 -2 -2 -2 -2 -2 -2 -2 -2 -2 -2 0 0 0 0 0 0 646892 184
2197.87 2332 5 688773 2416     0000 0.00021051296 0 0 136 904217 901776 0 0 819.98438 184019.36 0 0 62 8829 30845 4421 4396 -2 -2 -2 -2 -2 -2 -2 -2 -2 -2 -2 0 0 0 0 0 0 646041 136
2233.58 2368 5 687860 2391     0000 0.00026818712 0 0 173 903640 899921 0 0 819.99512 184055.07 0 0 74 8676 29868 4474 4328 -2 -2 -2 -2 -2 -2 -2 -2 -2 -2 -2 0 0 0 0 0 0 645072 173
2269.29 2404 5 695546 2380     0000 0.00027443423 0 0 179 912580 911255 0 0 819.98053 184090.78 0 0 65 8538 30225 4430 4248 -2 -2 -2 -2 -2 -2 -2 -2 -2 -2 -2 0 0 0 0 0 0 652251 179
2304.99 2439 5 694697 2369     0000 0.00026711247 0 0 174 911885 909268 0 0 819.99982 184126.53 0 0 61 8379 29691 4405 4149 -2 -2 -2 -2 -2 -2 -2 -2 -2 -2 -2 0 0 0 0 0 0 651411 174
2340.75 2475 5 693544 2382     0000 0.0002706285 0 0 176 910406 907546 0 0 820.01477 184162.25 0 0 49 8385 29852 4332 4214 -2 -2 -2 -2 -2 -2 -2 -2 -2 -2 -2 0 0 0 0 0 0 650338 176
2376.46 2517 5 692306 2388     0000 0.00027878149 0 0 181 909947 905201 0 0 820.03528 184204.12 0 0 53 8336 29490 4220 4268 -2 -2 -2 -2 -2 -2 -2 -2 -2 -2 -2 0 0 0 0 0 0 649254 181
2418.33 2553 5 691472 2409     0000 0.00027298217 0 0 177 908173 904843 0 0 820.01562 184239.82 0 0 76 8180 28805 4165 4122 -2 -2 -2 -2 -2 -2 -2 -2 -2 -2 -2 0 0 0 0 0 0 648394 177
2454.04 2588 5 690572 2420     0000 0.00029034884 0 0 188 906922 903607 0 0 819.94733 184275.53 0 0 54 8089 28988 4118 4175 -2 -2 -2 -2 -2 -2 -2 -2 -2 -2 -2 0 0 0 0 0 0 647497 188
2489.74 2624 5 689385 2389     0000 0.00021810622 0 0 141 904735 902545 0 0 820.00311 184311.24 0 0 72 7927 28634 4168 4133 -2 -2 -2 -2 -2 -2 -2 -2 -2 -2 -2 0 0 0 0 0 0 646474 141
2525.45 2660 5 688759 2400     0000 0.00024002577 0 0 155 904429 900961 0 0 820.02039 184346.95 0 0 82 8035 28590 4133 4108 -2 -2 -2 -2 -2 -2 -2 -2 -2 -2 -2 0 0 0 0 0 0 645764 155
2561.16 2696 5 696123 2413     0000 0.00022673653 0 0 148 913978 910902 0 0 820.01288 184382.68 0 0 70 8001 28801 4226 4068 -2 -2 -2 -2 -2 -2 -2 -2 -2 -2 -2 0 0 0 0 0 0 652740 148
2596.9 2731 5 695311 2402     0000 0.00027302665 0 0 178 913091 909788 0 0 819.99518 184418.39 0 0 65 7934 28596 4139 4071 -2 -2 -2 -2 -2 -2 -2 -2 -2 -2 -2 0 0 0 0 0 0 651951 178
2632.6 2770 5 693577 2401     0000 0.00023056279 0 0 150 911426 907470 0 0 820.02161 184457 0 0 65 8051 28339 3984 4040 -2 -2 -2 -2 -2 -2 -2 -2 -2 -2 -2 0 0 0 0 0 0 650582 150
2671.21 2806 5 693006 2403     0000 0.00026461986 0 0 172 910075 906593 0 0 819.9751 184492.7 0 0 58 7878 28340 3982 4036 -2 -2 -2 -2 -2 -2 -2 -2 -2 -2 -2 0 0 0 0 0 0 649989 172
2706.91 2841 5 692129 2403     0000 0.0002373269 0 0 154 908483 905780 0 0 820.00488 184528.4 0 0 59 7931 28248 4071 4057 -2 -2 -2 -2 -2 -2 -2 -2 -2 -2 -2 0 0 0 0 0 0 648894 154
2742.62 2877 5 691010 2402     0000 0.00023454003 0 0 152 907634 903765 0 0 819.98328 184564.11 0 0 72 7949 27982 4002 4040 -2 -2 -2 -2 -2 -2 -2 -2 -2 -2 -2 0 0 0 0 0 0 648077 152
2778.32 2913 5 689672 2404     0000 0.00027519546 0 0 178 905236 902967 0 0 819.95947 184599.82 0 0 54 7618 27522 3888 4127 -2 -2 -2 -2 -2 -2 -2 -2 -2 -2 -2 0 0 0 0 0 0 646813 178
2814.03 2948 5 689070 2401     0000 0.00023216616 0 0 150 904657 901308 0 0 819.98901 184635.52 0 0 59 7862 27845 4039 3932 -2 -2 -2 -2 -2 -2 -2 -2 -2 -2 -2 0 0 0 0 0 0 646089 150
2849.73 2984 5 696134 2414     0000 0.00028040219 0 0 183 914052 910408 0 0 819.98358 184671.22 0 0 68 7765 28066 3999 3970 -2 -2 -2 -2 -2 -2 -2 -2 -2 -2 -2 0 0 0 0 0 0 652634 183
2885.44 3026 5 695610 2412     0000 0.0002743602 0 0 179 913338 910473 0 0 819.97699 184713.26 0 0 68 7842 27958 3930 4020 -2 -2 -2 -2 -2 -2 -2 -2 -2 -2 -2 0 0 0 0 0 0 652427 179
2927.47 3062 5 694246 2399     0000 0.00024882499 0 0 163 911568 908448 0 0 819.98932 184748.96 0 0 48 7737 27826 3947 3939 -2 -2 -2 -2 -2 -2 -2 -2 -2 -2 -2 0 0 0 0 0 0 651060 162
2963.18 3097 5 693265 2382     0000 0.00029075894 0 0 189 910379 907041 0 0 820.01178 184784.67 0 0 63 7694 27611 3921 3977 -2 -2 -2 -2 -2 -2 -2 -2 -2 -2 -2 0 0 0 0 0 0 650023 189
2998.88 3133 5 692047 2392     0000 0.00027272769 0 0 177 908308 905572 0 0 819.97089 184820.4 0 0 75 7818 27900 3868 3943 -2 -2 -2 -2 -2 -2 -2 -2 -2 -2 -2 0 0 0 0 0 0 648999 177
3034.61 3169 5 691121 2398     0000 0.00026846425 0 0 173 907269 904504 0 0 820.02942 184856.1 0 0 59 7776 27440 3890 3954 -2 -2 -2 -2 -2 -2 -2 -2 -2 -2 -2 0 0 0 0 0 0 648131 174
3070.32 3205 5 690333 2388     0000 0.0002609954 0 0 169 906705 902938 0 0 819.96948 184891.84 0 0 59 7614 27926 3960 3906 -2 -2 -2 -2 -2 -2 -2 -2 -2 -2 -2 0 0 0 0 0 0 647521 169
3106.05 3240 5 689301 2375     0000 0.00027847913 0 0 180 904990 901635 0 0 819.99738 184927.55 0 0 58 7526 27604 3929 3839 -2 -2 -2 -2 -2 -2 -2 -2 -2 -2 -2 0 0 0 0 0 0 646368 180
3141.76 3282 5 691249 2389     0000 0.00027463753 0 0 177 907252 904505 0 0 819.97827 184969.29 0 0 67 7614 27111 3921 3902 -2 -2 -2 -2 -2 -2 -2 -2 -2 -2 -2 0 0 0 0 0 0 648127 178
3183.51 3318 5 695785 2407     0000 0.00027733386 0 0 182 913565 910580 0 0 819.98053 185005 0 0 59 7637 27775 3993 3900 -2 -2 -2 -2 -2 -2 -2 -2 -2 -2 -2 0 0 0 0 0 0 652643 181
3219.21 3354 5 694884 2410     0000 0.00025782135 0 0 168 913276 908654 0 0 819.98578 185040.72 0 0 66 7667 27599 3869 3882 -2 -2 -2 -2 -2 -2 -2 -2 -2 -2 -2 0 0 0 0 0 0 651614 168
3254.94 3389 5 694080 2393     0000 0.00028428649 0 0 185 910849 908573 0 0 820.00519 185076.43 0 0 60 7679 27439 4006 3940 -2 -2 -2 -2 -2 -2 -2 -2 -2 -2 -2 0 0 0 0 0 0 650752 185
3290.65 3425 5 693146 2391     0000 0.00027696185 0 0 180 910181 906742 0 0 820.00262 185112.14 0 0 58 7710 27709 3841 4042 -2 -2 -2 -2 -2 -2 -2 -2 -2 -2 -2 0 0 0 0 0 0 649909 180
3326.35 3461 5 692040 2386     0000 0.00022965758 0 0 149 908287 905616 0 0 819.97968 185147.86 0 0 67 7656 27273 3895 3950 -2 -2 -2 -2 -2 -2 -2 -2 -2 -2 -2 0 0 0 0 0 0 648792 149
3362.07 3496 5 691182 2366     0000 0.00025921126 0 0 168 906937 904745 0 0 819.96832 185183.56 0 0 61 7623 27281 3971 3935 -2 -2 -2 -2 -2 -2 -2 -2 -2 -2 -2 0 0 0 0 0 0 648120 168
3397.78 3535 5 689737 2359     0000 0.00027212525 0 0 176 906498 901269 0 0 819.97009 185222.2 0 0 56 7575 27138 3904 3894 -2 -2 -2 -2 -2 -2 -2 -2 -2 -2 -2 0 0 0 0 0 0 646761 176
3436.41 3571 5 689006 2360     0000 0.00026320027 0 0 170 904677 900797 0 0 819.99451 185257.91 0 0 76 7645 27224 3829 3996 -2 -2 -2 -2 -2 -2 -2 -2 -2 -2 -2 0 0 0 0 0 0 645896 170
3472.12 3606 5 696272 2374     0000 0.00023894899 0 0 156 914031 911154 0 0 820.02991 185293.62 0 0 62 7594 27709 3977 3956 -2 -2 -2 -2 -2 -2 -2 -2 -2 -2 -2 0 0 0 0 0 0 652859 156
3507.84 3642 5 695387 2386     0000 0.00025302363 0 0 165 912802 910399 0 0 819.99377 185329.32 0 0 62 7550 27501 3988 3966 -2 -2 -2 -2 -2 -2 -2 -2 -2 -2 -2 0 0 0 0 0 0 652113 165
3543.54 3678 5 694485 2374     0000 0.00024259956 0 0 159 911743 908669 0 0 820.0271 185365.03 0 0 51 7556 27455 3964 3940 -2 -2 -2 -2 -2 -2 -2 -2 -2 -2 -2 0 0 0 0 0 0 651279 158
3579.26 3714 5 693720 2364     0000 0.00024440369 0 0 159 911030 907366 0 0 820.02039 185400.75 0 0 64 7638 27466 3899 3967 -2 -2 -2 -2 -2 -2 -2 -2 -2 -2 -2 0 0 0 0 0 0 650563 159
3614.97 3749 5 692675 2384     0000 0.0002647172 0 0 172 909349 906364 0 0 820.00562 185436.46 0 0 52 7361 27009 3924 3879 -2 -2 -2 -2 -2 -2 -2 -2 -2 -2 -2 0 0 0 0 0 0 649750 172
3650.67 3791 5 691551 2383     0000 0.00024211021 0 0 157 907949 904151 0 0 819.98438 185478.17 0 0 71 7433 27100 3959 3815 -2 -2 -2 -2 -2 -2 -2 -2 -2 -2 -2 0 0 0 0 0 0 648465 157
3692.39 3827 5 690473 2423     0000 0.00026876073 0 0 174 905978 903747 0 0 819.96289 185513.88 0 0 61 7527 26985 3872 3892 -2 -2 -2 -2 -2 -2 -2 -2 -2 -2 -2 0 0 0 0 0 0 647416 174
3728.1 3862 5 689314 2408     0000 0.00024907409 0 0 161 905191 901397 0 0 819.99377 185549.59 0 0 54 7559 27106 3820 3903 -2 -2 -2 -2 -2 -2 -2 -2 -2 -2 -2 0 0 0 0 0 0 646394 161
3763.8 3898 5 697413 2416     0000 0.0002339954 0 0 153 914652 912927 0 0 819.98511 185585.32 0 0 59 7613 27406 3933 3918 -2 -2 -2 -2 -2 -2 -2 -2 -2 -2 -2 0 0 0 0 0 0 653859 153
3799.53 3934 5 696160 2391     0000 0.00027574712 0 0 179 913636 911002 0 0 819.98022 185621.01 0 0 62 7523 27137 3785 3899 -2 -2 -2 -2 -2 -2 -2 -2 -2 -2 -2 0 0 0 0 0 0 652772 180
3835.23 3970 5 694980 2392     0000 0.00022555387 0 0 147 912622 908501 0 0 819.97137 185656.72 0 0 75 7475 27166 3929 3862 -2 -2 -2 -2 -2 -2 -2 -2 -2 -2 -2 0 0 0 0 0 0 651729 147
3870.93 4005 5 693873 2432     0000 0.00027501736 0 0 178 911926 906709 0 0 819.98431 185692.43 0 0 59 7522 27078 3940 3936 -2 -2 -2 -2 -2 -2 -2 -2 -2 -2 -2 0 0 0 0 0 0 650868 179
3906.64 4047 5 693228 2435     0000 0.00024455368 0 0 159 909880 907254 0 0 819.97827 185734.1 0 0 72 7389 27095 3803 3840 -2 -2 -2 -2 -2 -2 -2 -2 -2 -2 -2 0 0 0 0 0 0 650164 159
3948.31 4083 5 692202 2424     0000 0.00026344291 0 0 171 908651 905186 0 0 819.99731 185769.81 0 0 52 7484 26960 3791 3820 -2 -2 -2 -2 -2 -2 -2 -2 -2 -2 -2 0 0 0 0 0 0 649097 171
3984.02 4118 5 691017 2469     0000 0.00022372469 0 0 145 906229 904414 0 0 820.02063 185805.51 0 0 65 7485 26977 3870 3900 -2 -2 -2 -2 -2 -2 -2 -2 -2 -2 -2 0 0 0 0 0 0 648118 145
4019.73 4154 5 690397 2409     0000 0.00023164378 0 0 150 906567 902586 0 0 819.99377 185841.22 0 0 65 7352 26537 3860 3844 -2 -2 -2 -2 -2 -2 -2 -2 -2 -2 -2 0 0 0 0 0 0 647546 150
4055.43 4190 5 698080 2393     0000 0.00024740379 0 0 163 915561 913692 0 0 820.0072 185876.96 0 0 65 7548 27293 3910 3927 -2 -2 -2 -2 -2 -2 -2 -2 -2 -2 -2 0 0 0 0 0 0 654800 162
4091.17 4225 5 697157 2370     0000 0.00023854889 0 0 156 915209 911498 0 0 820.00427 185912.66 0 0 61 7474 27054 3899 3922 -2 -2 -2 -2 -2 -2 -2 -2 -2 -2 -2 0 0 0 0 0 0 653954 156
4126.87 4261 5 695874 2381     0000 0.00022063826 0 0 144 912357 911482 0 0 819.96558 185948.37 0 0 64 7560 27228 3829 3878 -2 -2 -2 -2 -2 -2 -2 -2 -2 -2 -2 0 0 0 0 0 0 652652 144
4162.58 4300 5 694988 2385     0000 0.00029606449 0 0 193 912689 908393 0 0 819.99219 185986.98 0 0 50 7403 27127 3837 3855 -2 -2 -2 -2 -2 -2 -2 -2 -2 -2 -2 0 0 0 0 0 0 651885 193
4201.19 4336 5 693877 2375     0000 0.0002780748 0 0 180 910402 908111 0 0 819.97839 186022.69 0 0 60 7523 27040 3843 3813 -2 -2 -2 -2 -2 -2 -2 -2 -2 -2 -2 0 0 0 0 0 0 650904 181
4236.91 4371 5 692750 2378     0000 0.00023085482 0 0 150 909938 905303 0 0 819.97443 186058.41 0 0 55 7580 27200 3838 3831 -2 -2 -2 -2 -2 -2 -2 -2 -2 -2 -2 0 0 0 0 0 0 649759 150
4272.62 4407 5 691924 2410     0000 0.00024045168 0 0 156 908021 904837 0 0 820.01453 186094.12 0 0 54 7347 26717 3751 3842 -2 -2 -2 -2 -2 -2 -2 -2 -2 -2 -2 0 0 0 0 0 0 648779 156
4308.33 4443 5 690930 2407     0000 0.00024232135 0 0 156 906927 903336 0 0 819.98621 186129.82 0 0 74 7262 26747 3753 3753 -2 -2 -2 -2 -2 -2 -2 -2 -2 -2 -2 0 0 0 0 0 0 647900 157
4344.03 4478 5 694477 2400     0000 0.00025341184 0 0 165 911146 908302 0 0 819.97699 186165.53 0 0 60 7436 26909 3892 3873 -2 -2 -2 -2 -2 -2 -2 -2 -2 -2 -2 0 0 0 0 0 0 651114 165
4379.74 4514 5 697443 2407     0000 0.00027674191 0 0 181 915951 911940 0 0 819.97662 186201.26 0 0 65 7503 27037 3835 3860 -2 -2 -2 -2 -2 -2 -2 -2 -2 -2 -2 0 0 0 0 0 0 654039 181
4415.47 4556 5 696881 2411     0000 0.00027855025 0 0 181 913851 912063 0 0 819.96753 186242.96 0 0 68 7436 26969 3755 3936 -2 -2 -2 -2 -2 -2 -2 -2 -2 -2 -2 0 0 0 0 0 0 653383 182
4457.17 4591 5 695325 2415     0000 0.00026228563 0 0 171 911746 910168 0 0 819.98132 186278.66 0 0 65 7516 27143 3817 3939 -2 -2 -2 -2 -2 -2 -2 -2 -2 -2 -2 0 0 0 0 0 0 651961 171
4492.87 4627 5 694267 2407     0000 0.00025953882 0 0 169 910928 908471 0 0 820.01562 186314.37 0 0 83 7559 27099 3956 4006 -2 -2 -2 -2 -2 -2 -2 -2 -2 -2 -2 0 0 0 0 0 0 651155 169
4528.58 4663 5 693032 2400     0000 0.00023852135 0 0 155 909783 906030 0 0 820.0481 186350.1 0 0 62 7522 27165 3849 3966 -2 -2 -2 -2 -2 -2 -2 -2 -2 -2 -2 0 0 0 0 0 0 649837 155
4564.31 4699 5 692505 2386     0000 0.00023253773 0 0 151 908903 905409 0 0 820.00781 186385.81 0 0 77 7412 27003 3849 3929 -2 -2 -2 -2 -2 -2 -2 -2 -2 -2 -2 0 0 0 0 0 0 649357 151
4600.02 4734 5 691853 2388     0000 0.00023429817 0 0 152 908064 903987 0 0 820.00891 186421.52 0 0 52 7347 26910 3825 3947 -2 -2 -2 -2 -2 -2 -2 -2 -2 -2 -2 0 0 0 0 0 0 648746 152
4635.73 4770 5 690559 2382     0000 0.0002177085 0 0 142 906765 902424 0 0 819.99768 186457.24 0 0 65 7445 27008 3818 3823 -2 -2 -2 -2 -2 -2 -2 -2 -2 -2 -2 0 0 0 0 0 0 647655 141
4671.45 4812 5 698867 2375     0000 0.00021973897 0 0 143 917023 914284 0 0 819.99829 186499.41 0 0 58 7642 27289 3918 4017 -2 -2 -2 -2 -2 -2 -2 -2 -2 -2 -2 0 0 0 0 0 0 655323 144
4713.62 4848 5 697602 2373     0000 0.00027823556 0 0 182 915070 912846 0 0 819.99231 186535.11 0 0 48 7558 27162 3926 3923 -2 -2 -2 -2 -2 -2 -2 -2 -2 -2 -2 0 0 0 0 0 0 654122 182
4749.32 4884 5 696093 2370     0000 0.00025895264 0 0 168 914592 909157 0 0 820.04498 186570.81 0 0 53 7503 27159 3842 3873 -2 -2 -2 -2 -2 -2 -2 -2 -2 -2 -2 0 0 0 0 0 0 652629 169

#S 2  loopscan 1 1 0
#D Wed Jul 02 20:57:01 2025
#T 1  (Seconds)
#G0 0
#G1 1.54 1.54 90 4.079990459 4.079990459 90 1 0 60 30 0
#G3 4.079990459 2.498273628e-16 0 4.079990459
#G4 1.211140593 -0.3818711223 0 0.7293188265
#Q 1.21114 -0.381871
#P0 34.999997 0 -2.4472002 0.10218739 0.24236832 0 5.9212593 -2.2450794
#P1 1.25812 -11.594997 6.6784105 6.6784 -0.955 3.4003048 1.3234373 0
#P2 -0.39899585 3.2212344 -8.9978054 2.125701 -0.037653452 -1.2667231e-10 0.74980798 -2.1945599e-10
#P3 1.999996 0.062991999 -1 2 2 2 1 0
#P4 2.5 2.5 24.325 0 -2.1848063e-08 -4.0005002 10.200132 0.0030480228
#P5 15.345 0 3.999238 15.560049 -17.604559 213.31 0 0
#P6 0 0 4 0 1 -1.5 5 0
#P7 1 0.5 3.5 -1 1.5 -0.75 5.181246 17000.006
#P8 0 819.95 1 1 440 0 
#N 42
#L Time  Epoch  Seconds  I0  I2  Foils  Normalized  A34410  kpow  ch5  mpf_top  mpf_bot  TEMP  TTIMER  CTEMP  Timer  gkcnt1  gkcnt2  pd1  pd2  pd3  pd4  pd5  pd6  pd7  pd8  pd9  pd10  pd11  pd12  pd13  pd14  pd15  pd16  pd17  pd18  agdaq1  agdaq2  agdaq3  agdaq4  Monitor  Detector
0.00368714 4895 1 139134 474     0000 0.00028365967 0 0 37 182664 181728 0 0 820.01593 186582.21 0 0 14 1458 5419 765 787 -2 -2 -2 -2 -2 -2 -2 -2 -2 -2 -2 0 0 0 0 0 0 130438 37
